b 0 54 63 64 65 67 73 233 335 336 337 339 340 342 343 365 366 367 368 369 370 371 372 374 391 392 393 394 395 398
c 0 399 402 403 404
c 0 406 409 411 413
c 0 414 415 416 417
c 0 455 457 459 463
c 0 466 469 535 536
c 0 537 538 539 541
b 1 10 11 12 13 14 15 69 74 75 76 77 78 79 80 81 82 83 84 85 86 87 88 92 95 96 97 101 102 103
c 1 111 112 113 114
c 1 117 120 121 236
c 1 420 421 433 460
c 1 461 462 464 465
c 1 467 468 470 471
c 1 472 473 474 475
c 1 476 477 478 479
c 1 480 481 482 483
c 1 484
b 2 18 19 20 29 127 129 131 132 133 134 135 136 137 138 139 140 141 143 144 145 146 147 148 149 150 151 175 181 205
c 2 206 207 208 494
c 2 500 527
b 3 125 128 161 165 170 186 193 194 195 196 213 216 485 486 487 488 489 490 491 492 493 495 496 497 498 499 501 502 503
c 3 504 505 506 507
c 3 508 509 510 511
c 3 512 513 514 515
c 3 516 517 518 519
c 3 520 521 522 523
c 3 524 525 526 528
c 3 529 530 531 532
c 3 533
b 4 26 36 37 40 44 185 188 189 191 197 198 199 200 201 202 243 244 245 246 247 248 249 250 253 254 258 259 260 298
c 4 306 308 309 310
c 4 311 312
b 5 16 17 28 30 31 32 33 35 89 90 91 93 94 98 99 100 104 105 106 107 108 109 110 115 116 118 119 122 123
c 5 124 126 130 142
c 5 152 153 154 155
c 5 156 204 211 215
c 5 217 218 219 223
c 5 224 227 228 229
c 5 230 231 232 235
c 5 240
b 6 21 22 23 24 25 157 158 159 160 162 163 164 166 167 168 169 171 172 173 174 176 177 178 179 180 263 264 265 268
c 6 271 272 274 275
c 6 276 277 278 279
c 6 280 281 283 284
c 6 286 287 289 290
c 6 292
b 7 27 38 39 41 42 43 45 47 48 182 183 184 187 190 192 203 251 252 255 256 257 261 262 266 267 269 270 273 282
c 7 285 288 291 293
c 7 294 295 296 297
c 7 313 314 315 316
c 7 317 318 319 320
c 7 321 322 323 324
c 7 325 326 327 329
c 7 330 331 332
b 8 46 49 50 51 52 53 56 299 300 301 302 303 304 305 307 328 334 338 344 345 346 347 348 349 350 351 352 353 354
c 8 355 356 357 358
c 8 359 360 361 362
c 8 363 364 375 379
c 8 380 534
b 9 55 57 58 59 60 61 66 68 70 71 72 373 376 377 378 381 382 383 384 397 400 401 405 407 408 410 412 418 419
c 9 422 423 424 425
c 9 426 427 428 429
c 9 430 431 432 434
c 9 435 436 437 438
c 9 439 440 441 442
c 9 443 444 445 446
c 9 447
b 542 34 62 209 210 212 214 220 221 222 225 226 234 237 238 239 241 242 333 341 385 386 387 388 389 390 396 448 449 450
c 542 451 452 453 454
c 542 456 458 540
